2092
692
136
3356
985
761
468
57
293
403
17
636
863
314
529
660
564
729
655
8780
2919
887
917
535
927
993
310
747
955
521
2215
314
90
607
764
645
4
3377
33
393
220
115
158
532
741
795
449
647
666
57
601
833
511
23
344
72
177
812
180
838
397
216
656
849
439
294
937
920
325
5
803
793
804
572
529
847
6941
881
926
297
53
666
385
884
810
397
127
197
540
773
211
386
218
766
394
889
192
87
579
3716
999
483
785
651
118
476
577
981
461
171
663
667
193
96
1634
878
716
559
323
794
738
294
6502
633
381
1438
602
574
246
426
504
262
423
790
76
153
381
594
915
353
656
661
309
37
423
848
309
8437
740
122
105
107
70
147
509
685
217
660
300
7343
457
362
37
344
634
995
740
547
43
509
113
59
296
381
637
621
689
183
692
439
384
4421
748
785
848
4034
108
327
217
1076
1
32
751
33
827
845
165
1000
392
68
681
471
462
429
128
734
564
842
556
6119
619
364
703
428
520
758
304
310
217
223
327
373
622
250
851
2914
933
818
113
6963
232
400
6047
826
276
711
838
397
430
308
756
705
155
59
455
819
530
419
760
617
195
805
174
869
603
895
747
872
583
658
156
958
8405
990
551
5800
290
27
875
92
536
672
907
18
4015
8988
55
895
602
600
634
586
477
638
457
936
323
657
801
482
409
3966
533
535
95
87
431
6
214
6026
795
891
721
675
725
544
3
626
667
285
554
49
741
528
118
113
135
386
720
900
622
68
427
527
979
514
391
383
465
76
311
952
1503
781
620
186
543
4134
294
63
461
506
7448
884
677
209
808
119
252
645
907
56
902
281
136
487
299
672
5472
468
211
54
315
370
718
181
593
558
369
334
201
243
507
77
986
251
541
725
701
674
634
181
938
137
413
82
698
50
845
715
973
244
258
371
62
305
948
322
4407
30
129
773
7476
37
870
59
588
331
4648
34
234
671
259
209
444
6032
19
140
629
498
120
245
444
191
5040
617
463
304
2257
18
143
795
5
249
265
749
739
7840
67
515
535
202
496
729
613
471
166
631
534
768
200
91
358
490
251
311
3179
365
685
280
366
542
585
215
604
280
47
123
645
108
920
419
207
209
6207
364
3250
97
557
3435
754
857
879
518
5825
7120
730
356
320
65
631
606
40
8149
328
516
758
533
7922
250
844
7888
6634
488
880
736
354
794
486
59
73
717
444
519
317
238
397
477
373
240
597
583
401
668
450
189
963
897
726
905
113
375
871
589
275
208
972
322
15
673
630
97
46
567
941
387
34
434
506
942
677
5902
729
110
565
251
495
489
159
339
98
935
302
575
411
436
514
730
44
406
273
927
278
346
492
486
349
617
784
781
1
4401
962
552
768
222
891
166
299
206
181
739
4521
979
820
760
379
47
966
357
3333
6655
504
7920
577
929
336
19
259
440
823
843
267
732
806
702
210
560
400
33
356
817
965
893
741
430
509
436
436
7695
3882
751
4718
69
815
655
589
147
460
7521
31
691
987
687
352
437
3222
999
4801
721
761
1019
6437
522
525
148
644
751
321
991
62
7899
6636
97
7727
3886
191
221
332
873
540
225
993
5042
814
227
458
969
662
271
626
973
528
879
785
318
848
395
314
168
350
699
279
921
818
676
483
848
5044
472
301
949
463
688
4283
299
843
773
420
678
1608
669
817
1252
951
102
262
361
383
944
276
791
490
885
881
7927
681
950
377
436
35
9
60
234
871
883
498
545
170
240
948
259
6150
642
8906
230
615
287
913
627
533
339
26
567
385
710
49
5696
721
64
6125
851
8114
618
668
503
190
128
415
658
468
373
413
303
630
47
786
427
44
46
484
272
559
738
28
107
462
934
591
556
245
80
6021
166
749
329
470
413
271
7955
436
37
561
142
975
972
5228
7366
683
229
691
395
6130
976
809
421
384
578
643
988
10
104
907
54
183
686
932
74
580
238
387
791
790
41
82
500
28
4662
332
8991
928
23
789
596
883
450
6900
69
531
923
570
719
108
888
671
177
2268
574
223
648
476
792
26
162
539
670
366
253
7369
292
158
190
2200
187
676
595
36
506
463
684
895
777
933
558
914
960
707
391
690
371
7760
891
989
2195
884
116
21
655
696
651
899
861
670
984
177
318
376
98
79
102
958
462
995
806
6540
986
794
805
416
599
1513
119
46
837
217
157
978
985
7030
4069
929
569
1649
126
620
150
284
635
746
236
589
721
894
727
5510
857
150
590
148
237
142
4478
577
754
430
4180
942
573
984
783
4386
398
394
2515
922
228
880
624
944
365
122
935
968
609
170
3147
721
351
349
780
73
841
965
700
930
681
993
315
890
377
824
87
431
915
5782
831
598
591
4406
922
628
291
134
201
765
14
23
885
578
224
395
758
705
617
265
159
389
417
8588
241
789
996
352
945
282
356
652
779
312
872
1175
643
701
160
124
393
39
947
96
309
730
601
64
429
294
839
6767
285
32
760
179
842
784
208
791
727
2923
363
208
796
422
74
5979
829
615
975
395
974
656
29
468
200
7355
3277
241
417
664
735
261
932
819
601
31
726
346
418
331
593
430
20
38
618
210
1113
605
207
678
470
254
938
85
90
326
347
586
869
945
40
707
482
580
282
348
777
881
232
480
350
395
277
870
185
553
148
76
416
7337
683
332
688
828
1000
226
2965
3985
775
276
7970
581
835
124
296
6225
122
475
584
590
7012
651
2989
456
621
687
667
440
43
236
376
630
972
6149
293
412
550
492
59
834
117
719
738
101
60
989
210
759
879
464
324
346
859
199
149
94
547
725
184
905
735
8571
275
395
769
841
570
305
2587
843
2751
950
4143
723
958
59
949
911
526
29
33
759
405
572
937
398
546
612
699
723
957
8064
382
126
5875
541
365
204
317
972
465
422
897
524
5962
493
975
829
295
8621
912
804
561
424
278
920
481
47
611
208
990
151
227
324
90
597
338
847
982
280
290
549
28
350
513
110
189
2784
844
359
24
511
143
308
5495
3058
465
115
111
630
677
742
367
203
297
89
109
406
307
993
974
296
710
657
837
3305
650
154
886
97
604
309
205
5188
197
1646
51
881
842
794
769
286
900
991
6563
295
870
237
899
409
108
8357
530
54
667
587
253
46
20
555
790
950
221
289
30
336
223
977
947
508
282
952
1547
522
35
324
248
820
218
473
901
963
229
777
699
715
3647
227
496
2241
550
550
396
769
512
113
131
222
138
728
507
669
674
326
408
425
344
287
755
581
3544
997
143
565
352
276
451
193
511
744
7693
605
385
346
169
5685
7107
107
7270
175
260
293
91
1961
105
780
121
654
78
35
251
608
201
211
911
778
1000
617
557
761
642
935
8295
458
979
368
6038
646
868
850
803
380
404
835
678
26
762
231
731
343
313
6850
451
368
564
28
203
4374
7308
172
259
336
625
768
898
532
736
679
796
434
1000
623
473
75
369
961
771
616
467
491
546
295
467
15
980
705
174
949
589
587
860
913
364
97
5549
471
433
854
672
659
706
1937
218
798
435
519
329
818
864
382
269
4131
720
886
236
243
264
522
269
375
230
531
775
64
820
749
887
739
636
405
915
943
913
529
64
877
727
537
134
585
152
138
219
785
355
963
929
659
6
217
8947
513
371
176
222
921
2619
377
226
202
257
25
768
724
806
921
785
642
801
168
310
257
706
480
767
290
92
3263
700
917
2149
105
605
615
964
441
160
499
147
464
648
53
673
825
806
17
290
611
871
179
346
364
481
799
216
603
136
1000
76
713
782
331
463
928
619
800
379
650
7562
448
968
354
791
235
866
404
4594
354
134
109
744
4858
898
942
523
705
6262
72
582
335
780
606
469
167
49
954
508
265
972
728
729
470
547
544
697
200
80
492
821
8242
890
878
363
104
23
849
984
450
538
908
824
232
546
925
703
630
566
141
178
217
959
182
579
136
4823
593
529
601
14
138
5925
52
272
800
291
855
973
81
495
879
8434
654
541
993
892
763
543
22
137
919
492
549
3691
300
613
846
8316
836
875
357
74
965
831
677
959
955
182
5509
28
748
100
742
284
724
432
224
839
349
120
914
548
143
754
1685
817
268
512
38
5544
802
733
575
909
92
829
145
426
121
427
104
305
834
501
373
547
148
337
840
641
835
670
859
682
210
664
677
865
424
599
249
311
257
74
717
136
141
512
561
744
613
129
95
580
270
639
964
578
822
135
4314
117
755
10
355
427
875
419
310
735
657
84
95
595
355
375
830
296
232
394
520
1395
7764
4908
2453
648
602
689
361
8386
242
23
684
336
192
3612
262
502
7923
7098
886
4348
247
475
84
889
959
206
442
912
730
922
183
716
651
2776
271
773
368
180
693
552
940
335
829
863
5632
367
564
5497
853
485
89
949
258
2508
709
281
4676
6883
856
864
73
714
218
7457
538
718
972
3401
800
534
698
875
72
935
358
508
79
678
239
929
660
7423
363
499
4391
72
1121
850
354
970
3280
157
145
859
723
8
117
637
809
6504
8247
668
87
653
915
697
356
52
106
766
444
606
6015
6039
33
779
562
404
994
8570
149
558
416
361
986
246
943
280
247
368
127
815
746
467
548
870
552
737
75
580
531
319
172
266
317
139
7240
867
6815
179
488
595
701
440
839
686
510
425
74
168
372
27
734
484
127
992
421
843
168
358
585
294
7774
221
2096
365
576
953
717
465
96
590
483
816
614
769
488
793
690
486
515
987
461
818
896
235
557
428
126
793
887
112
242
910
6580
288
324
979
8393
983
308
498
261
826
362
5814
432
990
164
671
296
116
405
198
170
3765
454
512
453
342
774
161
670
811
572
200
343
6
594
900
247
732
86
303
983
266
531
535
646
536
547
117
817
867
751
742
628
469
805
456
158
215
79
922
135
505
36
1792
828
482
614
516
662
184
587
576
364
812
554
34
699
303
196
4
759
454
728
718
7565
83
396
281
433
456
547
1534
625
219
805
318
194
271
695
601
875
429
322
195
77
571
552
311
586
214
854
378
938
298
609
910
321
866
564
380
317
620
157
456
1514
849
43
796
956
831
205
389
740
665
303
333
3097
574
814
845
158
504
915
177
31
932
644
971
255
959
261
261
738
745
476
983
325
151
225
507
842
193
864
205
550
514
247
501
774
739
466
1606
897
776
592
863
190
49
724
397
845
564
420
804
131
483
322
350
562
690
116
19
321
430
140
625
565
9
905
10
869
138
739
763
1534
731
680
411
338
638
766
989
460
434
320
604
176
296
780
972
73
82
275
140
996
1493
90
531
502
7957
797
607
498
332
269
203
285
144
648
478
753
558
827
817
38
889
757
230
379
563
632
301
6
603
363
446
789
484
126
846
504
759
855
8105
449
1374
323
916
173
947
509
421
347
593
542
544
435
349
500
553
278
179
3761
709
164
852
712
529
882
414
85
825
287
544
598
936
166
433
63
939
297
48
137
517
2782
176
495
860
262
62
866
658
574
486
95
3191
497
3
629
261
474
29
541
811
840
34
630
443
332
67
501
970
829
966
590
205
654
213
907
1320
96
910
322
816
840
357
8173
930
622
714
534
935
5
631
919
3132
8434
743
330
869
633
660
501
407
341
412
695
964
66
475
773
152
1210
539
930
329
220
258
4886
548
435
553
312
555
533
2511
447
890
948
69
753
5
300
909
563
57
430
862
481
91
661
443
6005
914
688
615
528
50
933
3174
8206
10
321
570
241
799
268
450
376
278
6462
311
969
545
937
306
342
958
408
684
387
674
22
8898
5979
788
394
483
824
509
3477
354
723
3580
1583
82
70
115
720
669
184
701
33
151
173
800
298
704
8698
335
924
8
449
918
868
3475
647
8533
586
743
787
283
101
566
323
160
209
907
84
978
119
284
454
279
490
8607
340
339
619
789
522
927
682
671
758
732
115
113
886
731
245
917
728
190
110
756
39
234
432
541
50
737
266
441
6815
94
410
7272
322
291
7024
429
222
293
50
287
16
801
278
352
874
750
858
551
8636
936
929
503
936
189
884
5648
556
566
264
460
7
856
290
412
530
625
7528
440
519
452
53
450
257
255
3699
373
7312
506
4584
2962
951
342
8073
664
25
213
330
307
940
415
821
4826
865
663
249
439
585
735
277
734
161
869
982
356
286
21
61
748
345
953
7
984
987
280
349
578
426
816
702
464
12
952
110
596
518
209
3165
837
6455
532
424
139
317
909
517
251
24
812
423
415
367
337
655
402
966
805
86
976
772
908
854
400
418
742
115
775
784
996
313
2258
2153
80
333
151
349
6249
172
5052
61
143
128
245
241
538
274
1666
957
383
163
789
962
40
407
1895
701
629
204
519
292
27
897
300
587
635
382
1
418
970
496
82
695
520
54
59
1547
363
480
409
956
878
725
109
545
803
643
745
916
668
51
993
12
848
98
637
508
4941
1831
403
33
846
305
428
8211
18
976
173
176
253
862
793
7
4092
62
704
289
809
938
47
309
730
678
556
247
713
8843
68
986
301
943
3833
247
776
864
497
710
580
948
214
672
776
3826
365
768
74
321
608
121
933
966
917
3
334
351
750
203
209
1442
39
196
985
585
2665
410
12
726
667
1517
121
437
787
114
6264
782
798
163
94
680
6886
611
228
866
565
3486
906
477
812
152
441
623
964
417
17
5953
583
882
226
957
8387
325
613
6746
62
623
21
288
687
875
224
155
763
923
960
827
732
119
529
553
827
533
404
7525
6400
366
708
783
693
115
388
755
967
999
216
133
353
2903
581
114
412
638
695
4284
173
105
581
1992
435
254
804
921
843
810
478
976
88
8566
969
931
700
6966
239
860
878
1015
638
914
8349
5485
72
427
226
599
567
975
733
502
746
597
194
380
922
843
123
347
971
192
952
112
224
478
761
462
666
792
861
234
673
700
485
40
649
337
286
215
408
784
937
300
551
857
716
347
691
981
225
491
930
302
610
900
286
978
8434
511
169
746
289
467
597
692
523
689
658
784
835
950
2499
56
288
2433
378
629
4616
883
3507
614
372
152
958
763
436
662
191
443
388
293
2939
8
5716
687
645
898
991
756
453
599
7600
810
514
503
292
965
420
473
144
602
462
6027
976
296
267
741
770
636
663
851
281
970
519
3011
647
711
3763
970
370
681
787
437
553
31
524
1
948
3576
735
292
178
693
3605
67
487
44
438
254
119
333
277
841
975
383
299
989
675
389
110
946
95
557
898
490
479
697
743
891
968
148
162
146
196
20
8668
68
527
205
898
150
84
18
686
692
933
465
657
222
745
584
990
8729
615
248
6779
517
1371
3489
5283
819
988
124
373
569
193
41
598
662
867
994
975
334
346
573
75
6590
592
146
849
280
303
60
614
943
7193
952
2665
783
465
798
132
867
526
371
261
516
836
385
640
111
750
539
350
493
730
352
15
581
403
715
455
955
5945
487
3118
2988
40
168
694
834
257
292
877
361
90
947
274
5947
574
560
849
450
537
962
698
218
16
661
474
4081
434
652
833
113
247
649
443
283
820
362
254
1013
102
924
487
280
899
967
317
794
961
762
568
8328
885
991
476
781
201
1613
864
213
1238
689
468
870
226
39
345
965
466
908
636
120
702
324
810
537
625
446
5
656
842
902
2255
644
247
368
824
109
474
2056
920
343
913
238
749
652
70
3141
671
793
211
287
873
750
753
624
587
813
105
579
409
749
517
830
605
718
518
615
221
841
686
27
82
164
918
644
291
480
821
382
875
396
376
2
844
846
710
193
4514
592
2963
437
658
78
509
4950
476
52
523
909
572
6807
78
206
533
503
24
58
599
952
740
9
349
42
6068
925
442
511
5
11
491
534
419
124
129
790
400
631
580
988
512
996
301
834
155
2672
865
245
325
868
445
610
463
781
770
649
426
117
551
955
1126
87
49
48
803
1947
832
619
88
259
460
234
753
500
351
704
892
319
8
343
557
759
971
911
270
459
887
8
888
7120
956
79
800
852
161
937
6243
664
852
5845
355
264
3402
419
92
898
963
8197
680
664
156
3535
164
379
485
954
250
429
114
610
695
959
889
98
5961
748
408
103
342
246
685
408
230
620
2070
313
767
251
725
6
279
926
3160
304
68
7846
215
937
144
155
978
665
2895
105
655
538
119
420
243
960
184
598
767
495
419
72
591
901
359
1827
941
947
235
791
934
437
7201
872
945
542
441
561
275
340
894
507
596
94
978
562
4833
887
360
967
904
706
165
4441
952
95
987
552
151
912
832
767
335
119
100
317
366
696
730
7091
51
900
52
791
582
557
951
886
216
254
496
449
736
232
399
816
41
100
637
564
721
927
163
389
630
248
951
2059
571
526
8152
297
334
535
528
160
1772
801
77
1360
412
677
579
309
189
864
391
413
327
710
109
572
893
225
188
482
393
946
5215
560
510
265
694
807
724
921
457
337
970
133
625
481
774
500
660
620
675
622
7660
774
603
470
76
125
829
149
328
442
537
604
588
889
718
2
259
75
591
302
4935
134
947
525
951
980
874
546
839
513
65
224
5709
661
699
172
902
64
968
707
267
808
751
5520
946
421
388
681
756
4858
707
144
765
18
171
56
532
575
916
573
206
198
550
793
294
3328
1015
227
563
896
764
534
795
573
66
777
455
166
866
761
697
490
137
467
512
77
185
1659
417
616
702
393
505
319
135
449
391
808
792
474
734
131
418
186
58
856
227
801
3725
277
933
188
635
790
86
595
20
360
729
375
923
534
582
313
304
516
682
760
85
439
596
596
225
5646
633
936
495
771
646
845
423
150
3198
64
58
577
542
822
563
316
244
698
696
226
801
6927
477
654
559
87
939
669
709
670
868
6480
681
636
862
883
559
599
157
973
270
229
29
361
985
556
685
66
771
718
669
358
210
797
778
902
432
502
208
749
112
8427
152
408
7507
821
4642
3346
635
836
988
44
757
5520
4227
141
892
693
557
426
52
5045
238
778
2109
945
472
389
243
264
394
833
729
380
489
146
422
752
269
343
3324
165
188
770
182
153
794
487
155
3503
387
710
1135
621
7652
2737
109
342
912
265
25
22
82
894
13
7452
611
727
765
868
197
195
949
458
734
854
422
446
540
523
788
6710
606
492
12
385
270
653
212
656
874
402
228
603
779
506
276
655
571
299
4487
124
602
362
1348
1110
508
955
634
231
743
821
3895
345
372
967
410
240
472
835
506
8191
302
694
782
812
903
447
750
756
176
728
597
110
683
334
561
861
910
12
148
123
7
821
706
813
493
44
114
688
920
205
692
509
15
569
4565
780
674
459
312
819
584
228
754
364
1512
568
409
708
935
308
216
129
90
909
720
622
257
392
640
902
656
839
849
707
885
958
906
453
808
626
283
83
137
50
166
71
70
37
667
608
188
336
378
94
8638
347
38
742
525
484
788
926
989
3319
456
886
971
828
390
609
807
544
79
4
332
76
896
244
593
613
589
890
981
737
536
6532
344
807
479
5783
94
917
8416
646
50
814
174
180
236
212
10
882
314
4480
570
359
25
314
4682
583
3258
367
287
206
393
125
399
997
560
8742
668
602
99
273
321
149
246
814
515
574
6286
227
476
402
689
1104
982
727
134
260
554
419
578
647
6611
5755
529
42
243
899
302
607
604
488
259
888
93
182
630
529
142
11
712
720
298
610
252
676
792
786
131
521
162
66
381
982
493
526
953
7
133
820
332
838
841
252
583
361
851
201
6592
767
450
258
380
92
625
340
779
601
241
919
950
767
319
555
272
657
964
686
284
158
664
157
238
556
324
49
852
821
280
387
534
825
400
871
371
912
350
370
154
93
331
228
551
76
309
24
929
848
871
358
451
5428
622
660
106
7
780
218
733
661
210
458
745
249
532
903
909
946
613
159
97
442
951
541
945
157
252
2727
928
371
578
416
9
72
687
865
398
16
688
776
743
448
8532
1991
232
703
627
483
5169
726
719
2669
6561
405
286
183
219
8243
2337
183
272
450
306
840
316
41
53
263
739
121
398
181
335
748
880
132
2835
173
626
101
54
375
844
998
22
803
416
907
747
469
666
242
890
528
263
562
108
394
637
714
5314
256
733
819
553
755
2955
428
596
88
145
772
111
843
900
711
797
836
128
719
779
752
161
182
959
536
807
328
420
690
858
23
195
396
988
2017
641
479
34
59
83
7154
667
268
638
701
623
141
31
246
76
91
798
343
764
1653
941
18
7809
6891
531
414
65
649
659
168
58
372
439
107
795
768
970
380
568
313
524
611
967
692
449
3596
121
84
1340
524
4080
330
267
248
980
126
956
211
4768
1877
566
698
987
852
187
125
715
837
521
850
949
862
665
587
283
323
258
974
648
503
917
521
654
907
416
927
939
113
54
814
809
613
961
146
580
886
118
783
4929
151
361
890
875
804
948
619
8005
466
4725
629
429
290
3859
850
904
470
172
8827
207
154
680
164
255
499
317
265
780
279
666
554
245
997
825
116
527
424
202
68
435
463
809
177
826
276
324
26
770
346
709
919
518
145
220
567
1258
183
241
139
871
902
760
160
4229
732
896
616
546
76
75
868
220
7
382
954
5618
124
98
907
285
914
589
725
960
605
994
482
485
7347
640
89
612
3539
665
250
911
5414
268
687
85
421
35
564
916
116
795
737
89
472
796
3385
853
427
236
86
3261
941
831
231
801
995
925
720
4901
140
3621
969
266
402
133
192
732
8923
305
823
893
282
405
4661
380
46
183
934
903
680
8
316
5
722
720
554
563
445
236
306
897
269
390
422
99
460
819
735
886
219
843
136
911
452
269
297
761
656
679
137
817
239
982
1151
36
981
577
191
155
7834
8520
489
92
831
452
32
683
669
25
994
648
452
566
713
87
581
392
301
510
820
659
5051
553
631
2
559
73
22
103
263
496
814
560
43
2499
353
6182
854
623
2854
24
272
927
771
3527
469
355
414
962
880
894
291
743
507
480
961
1295
13
566
815
771
441
918
2995
351
885
214
762
754
1625
716
146
151
255
239
510
61
655
180
463
7501
646
5388
528
263
275
339
705
626
706
411
35
198
17
253
788
693
495
942
847
326
5029
114
53
834
418
943
767
17
978
765
185
255
899
684
811
677
479
525
142
479
204
685
262
962
892
30
758
114
2347
3986
398
950
446
137
458
219
344
370
718
502
614
134
646
926
631
4083
189
6014
372
752
825
386
270
27
805
628
368
372
152
925
779
858
313
958
162
153
712
277
190
223
363
44
990
727
520
823
964
817
4450
621
942
2271
924
7335
545
881
565
330
894
846
122
521
494
447
823
828
472
8550
229
640
2098
5801
462
653
961
22
8835
572
145
256
459
945
293
711
45
820
555
858
728
992
6234
211
344
392
396
138
738
406
921
778
465
271
674
845
879
122
138
986
79
5151
738
303
814
876
179
56
7829
762
274
698
960
690
233
524
710
769
6836
833
674
612
431
806
812
181
1223
41
300
799
6500
846
672
295
491
488
451
165
981
549
200
288
336
307
3981
130
505
628
883
429
29
338
8535
318
65
764
226
490
805
804
734
716
459
356
414
7
164
45
525
964
284
64
764
946
122
148
453
34
333
197
867
94
1464
460
701
8538
268
298
641
68
755
298
303
38
178
364
998
660
662
438
220
786
7510
220
417
814
895
497
630
54
179
872
345
328
286
893
193
777
745
162
668
933
890
21
4522
295
230
306
34
668
473
967
257
665
266
63
314
928
6800
480
741
41
367
541
831
410
162
135
520
358
193
137
8
773
786
799
2275
584
940
196
875
579
572
199
477
747
163
654
988
116
278
804
145
6143
569
7989
403
25
599
457
337
140
20
433
594
438
990
552
8323
7499
167
538
974
214
469
483
582
990
885
624
104
912
153
407
549
573
199
431
633
675
460
813
103
14
7536
753
965
93
840
700
58
12
4582
621
5331
78
273
157
960
108
4354
518
471
474
1991
947
131
642
830
128
6344
32
8302
963
411
499
117
401
751
502
713
812
402
408
133
127
36
653
248
605
444
450
877
991
842
914
685
904
171
867
889
959
57
189
666
528
764
388
160
787
248
347
159
224
866
577
283
708
405
877
481
99
505
515
822
510
10
112
778
305
174
974
1249
1702
851
343
323
492
703
348
6362
811
195
644
582
714
620
741
1688
154
175
847
1000
86
977
909
475
2
242
1971
910
679
412
588
320
575
715
554
357
641
313
297
86
410
143
890
36
80
981
44
141
600
819
238
484
191
540
763
177
204
407
364
723
362
1076
663
6648
6285
880
925
6117
885
606
743
281
360
227
320
270
481
586
855
8714
892
957
478
46
762
3065
565
783
873
991
451
373
179
1
63
788
932
748
187
422
4926
425
703
6636
708
726
125
672
856
827
396
783
150
308
853
595
1519
725
14
760
136
8913
528
685
91
653
522
747
800
384
541
377
776
266
883
302
146
570
872
55
255
984
3088
154
642
178
229
825
750
139
5066
650
917
178
188
233
970
710
461
326
197
51
268
4646
1662
987
610
868
860
152
399
416
141
731
383
711
739
816
643
983
7723
479
182
263
798
392
593
67
249
149
514
378
645
866
657
420
608
958
6099
865
85
349
896
208
57
569
673
627
5095
291
832
24
908
6765
8713
377
675
840
768
806
531
486
453
274
91
29
414
213
239
494
318
214
956
591
900
756
4759
433
6466
330
600
717
831
90
477
368
752
2852
161
3617
989
305
658
706
923
712
684
604
734
247
705
852
986
8319
835
532
827
616
87
39
949
544
357
771
564
214
37
810
853
736
675
914
42
171
7151
310
997
221
527
871
8453
355
999
717
51
337
859
632
454
583
35
922
239
966
172
627
690
877
755
195
724
356
553
342
2647
499
267
15
884
952
585
969
662
376
4
18
536
5938
909
160
413
832
150
490
58
204
283
531
766
55
273
354
19
889
6580
401
53
4307
921
360
404
997
499
873
974
483
748
158
458
588
980
700
787
719
663
489
161
653
66
817
439
931
664
22
626
282
31
243
864
30
822
385
200
915
782
951
8368
1206
626
936
365
841
561
650
605
63
505
269
808
274
47
691
5013
545
846
841
8094
385
51
45
273
334
52
956
548
257
579
104
893
433
46
505
125
953
63
129
118
663
151
425
322
493
691
179
242
901
279
568
787
345
597
776
3144
267
111
855
390
407
847
392
950
255
475
796
82
396
321
268
900
293
614
652
902
773
496
223
955
7869
749
454
705
688
641
862
959
6822
778
897
826
874
511
882
348
548
196
681
611
628
685
355
41
592
162
311
125
598
132
541
856
825
736
102
612
809
327
537
337
213
6848
851
349
90
971
818
374
786
735
8356
6751
895
279
838
830
558
26
831
177
1394
924
167
63
923
62
859
250
967
693
187
218
490
916
193
171
5240
673
781
499
4205
863
573
73
425
612
374
640
292
360
704
602
186
562
150
346
3
990
3962
612
7063
378
101
80
524
999
786
74
393
888
436
235
37
515
728
183
584
722
783
427
3607
471
4741
997
671
903
2526
381
525
974
123
998
250
772
286
201
706
653
8569
91
874
569
930
535
651
379
8435
255
391
290
427
798
447
484
286
336
2664
516
32
149
994
96
260
200
616
184
661
468
223
575
67
501
615
863
2
94
239
647
779
320
858
387
249
511
195
546
500
6649
968
906
5538
7512
350
329
267
212
732
662
81
628
6057
377
609
792
5364
572
713
823
726
372
775
962
906
482
622
994
202
367
42
517
23
699
421
7919
517
442
431
919
407
545
335
160
907
134
88
333
162
252
618
7854
670
627
6495
581
352
3766
506
970
672
439
212
798
403
6617
469
729
837
13
587
953
238
482
299
887
609
4553
863
432
862
594
625
709
925
415
844
578
59
431
686
2974
260
18
200
882
577
892
880
967
971
918
537
80
123
411
5927
520
920
25
238
716
590
887
24
679
172
999
101
979
244
614
796
192
399
383
332
105
491
551
386
2539
942
131
457
412
479
408
84
332
341
217
987
698
637
948
621
939
679
848
740
5154
857
1568
905
455
928
212
134
936
679
684
526
306
679
65
406
519
703
171
163
638
354
978
261
253
473
28
351
925
80
874
633
8784
589
362
282
939
323
78
93
599
384
905
99
840
341
739
111
3676
971
695
944
413
117
988
414
748
340
95
707
5427
387
832
440
260
47
275
691
778
283
435
132
934
940
107
917
426
83
760
607
439
140
793
514
634
902
459
606
506
660
781
409
5762
357
166
14
2383
2549
252
850
192
828
709
388
352
132
876
770
235
8054
381
781
395
130
141
760
713
532
415
568
312
7146
403
353
7350
622
865
381
326
192
613
937
222
744
977
748
675
459
582
771
268
523
636
408
103
229
503
143
428
980
326
504
50
5829
376
452
937
591
857
815
139
724
667
428
518
631
616
129
257
331
714
643
10
953
159
539
793
773
782
100
525
8351
207
891
175
657
440
106
312
38
326
474
459
335
3
236
83
60
859
401
198
903
6749
182
535
551
57
777
642
130
43
384
894
272
6378
600
196
156
717
651
869
151
704
634
277
894
2795
381
990
652
103
83
8842
2025
240
737
611
897
199
149
754
125
885
632
830
723
518
133
987
509
409
315
253
897
908
230
9
50
653
698
32
4
561
43
266
273
832
328
492
277
796
359
555
67
790
815
15
543
50
311
442
129
363
414
947
289
390
363
725
932
99
523
881
992
362
304
785
782
83
133
445
2254
220
410
626
209
66
442
663
696
418
789
203
173
473
484
813
785
891
40
535
572
802
320
753
239
117
962
48
931
978
5430
258
855
896
160
165
812
144
2026
111
690
399
353
415
552
48
2014
69
568
28
752
712
78
724
252
853
188
476
203
415
128
77
374
7834
773
829
957
808
4060
178
439
423
729
353
693
29
594
355
498
7335
1448
385
938
701
982
85
225
792
784
375
721
3
72
3235
873
501
547
862
219
571
720
634
218
196
529
668
71
120
974
587
260
973
830
717
353
316
457
649
227
233
514
673
182
304
443
723
372
701
130
1000
438
216
384
337
411
924
391
389
428
348
874
296
248
788
435
651
950
77
431
4158
2411
4373
802
877
56
892
322
954
1097
997
245
2310
841
485
208
644
29
798
905
397
47
145
423
11
8975
624
269
235
873
405
774
256
740
67
778
4577
2388
879
847
812
165
435
382
3
5735
4943
932
215
919
590
661
561
308
4905
210
285
2764
725
207
6173
469
5937
957
753
945
51
544
69
4925
16
294
311
876
308
682
156
673
438
849
534
966
965
867
7832
2616
42
820
509
569
811
786
563
449
577
4276
766
507
361
737
353
458
140
207
216
878
315
422
157
493
1521
5384
825
707
114
5656
680
983
139
994
150
445
350
791
486
702
12
836
60
674
709
340
688
726
515
454
587
588
7490
183
163
747
351
496
954
8011
882
170
2827
769
347
5168
146
351
2194
446
178
902
384
104
853
888
1706
99
139
230
422
256
873
386
366
795
102
6402
586
447
7925
126
122
8
1755
388
6582
641
19
719
2158
6641
722
22
182
320
574
659
723
2095
995
976
666
870
8335
562
860
712
665
810
838
857
926
726
237
676
109
265
744
669
791
818
196
826
469
734
406
488
129
799
281
49
4104
539
207
947
289
71
977
345
1664
924
401
4942
69
492
157
238
6935
155
837
420
184
97
405
452
7652
763
763
245
523
813
597
138
321
185
796
329
6139
615
605
592
192
544
89
912
737
144
336
633
913
823
138
218
328
421
600
941
477
167
523
69
1442
811
291
2
427
752
7620
8109
588
474
786
401
721
629
671
659
57
112
2
640
7851
636
71
828
754
202
272
549
847
575
7259
548
93
888
953
551
846
192
524
470
931
55
312
303
191
594
4853
265
684
24
929
121
92
130
758
593
862
874
932
6
244
498
536
736
810
1000
48
377
859
279
555
256
606
755
13
169
627
82
156
65
549
48
822
434
4781
147
776
807
960
992
339
484
461
324
89
752
164
658
241
870
836
204
738
455
285
984
5987
839
30
379
689
406
585
802
392
228
854
142
666
790
807
368
582
598
759
719
387
982
935
306
487
493
256
44
344
830
207
14
112
899
1205
165
805
252
466
106
739
830
830
784
526
168
762
747
325
569
811
809
2570
159
519
640
327
925
466
171
361
204
441
229
8843
677
311
169
670
187
7601
240
39
792
864
335
287
527
921
211
926
4340
550
563
923
206
5206
696
824
101
115
999
703
320
203
260
607
858
927
1554
732
703
878
54
966
584
45
3369
558
981
802
128
747
617
956
808
697
534
732
268
114
895
6117
201
202
464
467
68
318
106
2534
212
51
4243
690
2877
998
722
2256
79
390
226
124
536
106
766
2566
300
275
865
500
153
2009
461
81
863
943
683
21
898
632
56
155
679
127
584
955
860
472
348
86
940
913
998
451
708
808
617
526
4
920
234
763
161
821
10
31
986
178
163
4827
677
333
17
905
3367
928
456
595
497
750
608
406
315
6990
961
327
858
906
366
800
284
5466
841
287
352
220
504
104
249
413
338
474
407
309
2592
135
800
788
887
330
922
756
849
869
114
471
645
4951
357
358
423
5030
803
93
582
180
513
2
291
417
254
119
472
488
370
510
6333
485
924
45
691
667
288
5174
521
2585
694
806
398
808
511
3491
5425
65
6503
584
451
61
530
187
953
493
646
79
637
844
585
840
213
237
744
2325
946
864
930
931
824
6627
624
880
468
629
6545
198
404
756
367
736
811
6527
410
941
695
813
63
752
418
3888
931
908
861
25
686
596
140
548
713
800
539
954
337
752
264
938
48
593
904
699
438
982
207
948
733
618
861
751
944
508
639
88
892
357
463
466
973
4982
788
6685
906
141
1670
277
175
828
186
881
359
205
538
944
199
299
230
778
356
724
642
781
232
820
430
798
5375
97
522
130
137
562
833
646
2265
429
46
4430
855
510
180
548
913
453
1
158
340
893
722
893
608
799
362
2470
5965
816
474
968
646
794
430
644
642
979
549
91
102
316
556
715
5123
4058
423
106
827
714
624
880
414
11
126
919
263
338
130
510
109
300
941
6495
980
176
393
583
40
297
876
360
834
912
996
286
308
159
221
487
828
411
674
452
698
446
2
441
760
154
899
813
515
460
417
835
85
219
527
156
593
502
470
303
988
934
609
299
567
184
639
856
314
465
951
635
220
751
859
421
368
467
6814
17
393
757
7152
487
244
984
873
810
251
671
299
4246
466
8519
127
327
16
279
467
598
118
8185
713
919
142
5166
826
850
88
264
20
659
77
521
84
55
745
86
316
21
237
866
797
116
7390
712
262
2646
494
654
521
557
402
678
927
494
455
810
72
742
400
807
5759
2992
5
682
551
455
650
3269
513
75
307
537
6199
115
6236
754
26
426
8516
979
360
575
765
132
42
946
451
6
448
494
359
801
570
7327
821
146
543
619
797
720
34
573
576
654
976
641
290
77
334
341
507
8186
322
445
438
219
574
705
757
508
259
711
5725
324
819
728
683
770
829
199
954
172
422
523
679
868
603
605
478
6211
489
666
507
425
855
742
8270
169
433
664
522
470
718
708
405
881
319
284
914
559
6182
11
913
386
663
105
500
1265
790
607
766
261
200
683
6149
31
495
217
834
40
740
749
81
5908
384
618
78
741
231
1597
7674
383
746
4537
147
196
8866
577
775
1381
532
454
618
555
755
389
321
316
589
889
2002
21
293
600
19
254
29
633
424
744
171
834
9
730
914
5410
118
325
400
445
106
189
964
4495
590
216
558
440
975
4425
652
98
911
957
98
515
30
813
2162
3758
536
61
921
258
79
224
138
55
31
2397
823
934
649
844
743
244
877
552
554
833
295
604
512
22
174
167
173
102
694
700
639
212
144
107
888
849
876
313
610
816
743
673
756
176
975
143
147
199
174
1681
9
312
123
611
212
858
556
186
71
399
795
123
517
1786
282
392
132
123
2309
167
394
1666
104
542
390
326
619
655
399
62
530
779
704
881
19
2761
170
307
336
648
799
818
84
879
53
918
958
314
5555
85
486
194
397
932
7617
494
148
70
433
464
7450
4602
741
209
977
540
401
401
231
499
964
711
6624
163
374
420
978
75
658
186
185
55
6228
463
933
842
681
560
404
317
18
190
687
794
612
774
692
325
225
1288
632
55
243
806
411
5249
852
258
195
776
362
2405
481
997
883
371
740
930
520
524
595
777
706
164
678
532
977
491
623
253
645
665
839
876
712
591
380
489
938
753
803
874
1320
395
310
6177
601
537
854
149
4013
101
413
253
248
892
809
981
832
340
289
461
931
595
348
505
356
154
222
248
391
838
852
204
453
592
121
582
472
93
2695
623
709
15
5392
89
982
764
273
867
202
979
513
504
241
425
85
5263
359
553
562
5811
167
6161
28
5671
693
278
251
609
974
632
444
205
262
566
5595
454
919
861
358
2365
995
89
209
187
13
3212
8
5987
366
32
141
797
4634
201
99
488
339
170
107
2536
5558
973
901
986
301
69
348
47
185
443
652
154
5698
7472
520
97
208
784
716
617
940
52
727
3513
649
5285
765
93
7833
202
3268
448
256
125
963
691
455
1
757
731
597
579
3836
637
1318
618
684
339
746
995
188
906
563
614
692
103
804
2274
443
5589
784
35
448
471
445
979
419
985
27
4606
168
4561
492
746
323
592
194
74
26
233
2956
715
687
8316
774
240
150
863
785
382
148
7805
876
173
671
442
135
6887
966
304
3170
462
440
341
971
896
662
6286
378
436
696
1309
7598
753
265
409
815
217
163
314
112
501
1046
983
652
480
370
706
571
783
992
806
6527
3149
396
318
315
174
120
1994
895
658
672
245
733
714
272
390
842
288
377
190
459
246
598
576
15
103
4
181
775
6271
305
609
5372
851
655
71
369
144
438
27
920
6127
924
722
931
7464
633
452
838
223
2419
11
194
443
716
2473
643
444
351
862
891
233
1190
777
807
344
856
802
5255
910
997
3803
929
476
980
145
7737
697
359
473
498
81
500
426
512
963
485
2199
815
177
596
334
239
6577
865
326
481
775
136
758
126
415
159
949
869
502
293
936
993
512
457
711
944
415
95
602
722
410
540
333
822
244
940
2009
44
400
262
644
221
744
714
60
980
774
273
86
601
996
580
762
283
546
377
125
995
5650
740
4369
292
926
828
767
3
348
895
6010
650
1673
272
665
14
759
998
91
147
246
399
604
850
998
338
6596
664
669
516
673
2771
188
348
803
374
338
147
145
738
691
411
191
374
904
832
43
657
434
432
962
788
639
13
632
128
295
400
414
53
252
39
407
876
276
417
73
576
270
6183
369
493
5856
711
565
242
641
432
772
134
837
861
395
448
250
854
627
906
598
608
525
159
485
403
831
197
762
212
763
993
161
254
1197
926
619
89
986
504
538
133
194
765
203
233
366
285
680
898
717
999
941
188
36
4079
946
340
682
228
694
110
576
496
661
235
8475
707
30
686
7582
58
508
7038
108
530
735
2207
930
581
5404
4
87
7548
641
210
27
787
274
568
588
1000
857
1490
61
688
542
799
375
601
770
389
444
240
8631
795
624
279
888
550
574
568
479
976
882
757
818
757
88
769
639
454
215
522
156
283
316
6355
586
2068
302
8440
359
847
477
4589
96
870
722
901
560
425
373
328
946
407
1349
616
179
647
297
120
552
448
364
633
274
48
3819
702
575
632
433
331
104
388
867
861
70
656
877
471
1963
613
639
893
846
505
751
780
7599
451
737
770
325
975
1788
194
734
737
530
190
7258
186
480
908
74
768
292
576
4249
709
431
242
372
2227
549
142
809
5132
695
61
776
850
310
5460
585
6064
313
662
388
6
8725
75
2576
769
143
136
80
835
654
264
328
746
954
885
791
1
33
945
710
404
223
499
992
462
430
241
825
107
1216
643
480
4746
4951
243
2682
736
4
120
103
757
173
36
37
139
335
481
198
445
100
911
547
533
412
320
2276
620
5806
3724
190
46
934
735
413
944
878
437
387
837
647
558
1721
924
73
263
940
516
350
844
124
4660
379
2808
36
375
789
628
566
58
12
789
437
118
4685
55
456
983
832
1388
494
223
118
486
108
789
749
11
501
487
378
6758
269
923
826
656
744
438
208
621
939
423
772
3680
506
169
884
594
420
210
968
909
308
876
879
836
934
435
944
4024
399
843
928
683
495
816
187
7866
266
745
596
7734
980
550
365
345
692
3666
643
731
404
926
972
722
516
318
35
366
3042
863
278
51
627
742
194
647
845
391
818
42
5314
312
398
497
851
592
2888
7110
310
4565
106
274
610
676
538
489
108
731
4260
133
513
663
915
403
305
301
794
381
652
908
94
307
434
538
4965
8740
3235
793
1636
7947
637
802
5422
24
165
144
171
510
177
1417
626
590
561
468
164
149
628
624
221
278
822
616
3255
916
81
115
689
733
991
394
4342
376
635
167
295
786
959
689
465
231
837
365
579
2590
70
156
251
676
374
547
930
60
617
117
232
34
175
592
52
30
680
25
90
670
65
5874
904
718
383
233
840
693
765
631
787
470
4341
952
418
5295
589
206
158
478
700
555
341
571
595
282
158
288
685
887
5079
222
687
4914
724
17
899
591
632
71
969
68
731
496
309
417
712
41
443
202
672
5538
682
7898
43
527
675
231
910
54
649
675
607
491
26
281
295
3403
953
184
264
1665
861
705
445
600
897
342
100
873
943
392
489
135
571
977
42
14
447
537
729
565
254
41
951
237
3472
610
6126
489
898
983
570
723
931
942
185
6595
237
101
855
519
799
378
998
954
256
199
871
131
27
894
330
464
23
616
950
985
550
858
697
995
475
782
765
5579
824
539
184
643
225
4082
580
525
903
761
860
733
4528
167
169
100
2763
262
316
384
7192
7278
872
618
573
354
715
96
329
36
716
937
329
651
355
918
426
623
608
13
3079
699
868
197
943
628
8771
165
727
201
908
213
985
250
360
963
234
189
5387
331
123
56
636
498
428
175
542
8407
911
166
11
3894
941
3232
298
176
116
996
893
889
73
4090
927
327
961
7189
505
344
826
198
170
704
383
13
153
401
472
819
113
421
331
3340
447
398
906
441
287
731
139
2392
37
884
5071
461
80
5233
6329
66
319
888
393
3473
431
904
629
2335
853
556
772
674
6014
903
543
783
860
816
56
301
471
176
527
4005
7967
956
977
606
475
650
402
297
878
147
567
246
567
526
410
267
543
229
599
576
516
340
246
527
7021
3260
901
6324
367
7511
341
872
991
501
903
943
835
276
929
6
530
5837
57
625
12
785
539
191
231
745
397
676
960
884
702
568
62
475
447
857
7700
635
883
833
345
1551
130
424
713
822
629
7188
464
895
2972
969
602
45
827
4096
757
7149
166
4112
8635
20
142
363
40
111
1329
456
992
191
198
5631
4878
542
844
298
285
804
620
378
971
244
695
8232
8577
504
221
459
554
940
274
84
491
58
319
65
503
409
449
122
156
172
312
386
648
827
657
478
607
186
180
764
199
291
339
8715
518
4516
782
205
7008
338
543
797
277
607
5031
4618
240
45
995
456
700
925
458
513
560
5328
644
3507
187
945
5180
391
127
458
530
23
92
146
640
66
948
429
6757
446
591
870
2989
3443
452
566
467
42
508
944
5
367
213
126
270
6624
856
648
715
571
634
939
333
1248
618
3636
211
215
781
95
260
371
98
264
263
540
56
271
992
957
6591
1
890
521
845
686
611
416
565
307
258
193
15
719
298
446
497
102
853
444
567
61
374
7657
406
928
955
7076
4132
379
555
482
4690
699
606
83
520
52
70
878
284
373
119
896
517
495
197
836
647
206
1258
280
886
7300
608
842
129
412
594
174
772
379
745
288
912
48
424
11
315
20
289
659
88
498
19
503
116
236
307
181
829
180
63
432
380
6812
891
575
769
461
229
882
904
694
16
6742
194
973
3444
1197
457
503
612
678
985
905
805
755
915
697
586
774
263
645
2431
977
597
638
112
777
680
965
853
4372
642
838
594
717
991
437
7130
918
2471
4266
213
962
2993
9
256
482
871
536
434
181
464
16
110
562
127
394
702
186
100
961
8896
170
267
730
669
2486
742
682
8021
839
969
497
936
132
857
360
911
905
100
333
2092
99
419
7466
993
228
967
697
996
327
3334
813
154
478
533
369
490
476
6830
770
270
111
330
603
78
678
234
230
696
650
546
704
306
2156
563
8140
271
620
935
38
689
289
865
802
369
237
358
347
569
883
6885
768
942
402
112
81
204
4814
965
615
549
696
153
502
985
759
494
28
688
590
996
304
859
390
88
935
174
466
195
347
559
746
5411
660
2088
6663
900
8722
494
872
189
6337
670
432
249
81
738
32
7830
2127
486
71
302
5854
916
328
211
1053
8025
198
233
934
67
2596
797
170
847
702
64
621
103
901
67
484
826
152
235
276
448
535
307
7
848
545
524
440
1515
522
544
6528
526
398
583
281
102
3645
7902
242
994
939
301
708
815
1495
676
7477
446
457
385
140
938
904
845
32
5791
329
8443
375
343
8568
319
4321
588
152
483
231
899
77
66
448
60
622
30
531
169
762
747
294
109
351
288
910
586
635
519
310
386
694
49
850
455
5306
619
759
418
78
834
903
918
7532
329
390
5065
6736
877
983
896
425
539
507
300
8046
96
460
610
453
376
803
466
976
824
1924
497
916
45
185
649
573
8102
668
475
49
852
579
153
298
915
758
224
118
514
833
5346
639
754
558
70
545
988
168
315
879
469
396
3913
567
281
374
128
370
960
614
546
728
543
306
397
651
4941
453
4476
403
255
155
132
424
215
352
540
690
901
659
726
81
342
226
771
161
447
473
20
653
949
107
234
833
99
939
956
227
16
910
514
916
259
955
464
5063
382
232
346
851
560
162
131
477
736
932
750
19
17
741
856
894
604
719
848
500
533
928
282
576
275
797
271
135
240
345
75
488
60
766
638
4949
588
365
71
554
121
491
302
528
334
57
69
603
325
386
266
64
228
130
922
968
901
3437
824
603
478
961
225
127
631
721
772
796
854
236
802
640
635
233
5984
389
275
369
917
913
222
5840
45
93
891
750
169
292
185
289
260
767
933
707
83
1941
545
708
353
178
548
1453
142
938
473
206
2729
330
922
581
570
787
682
823
872
681
388
122
318
714
21
62
882
479
341
694
989
243
559
219
989
517
4364
838
704
61
998
242
175
981
462
21
942
583
973
38
918
153
485
369
436
2663
559
35
7147
402
772
639
4379
370
98
992
120
331
294
376
343
987
290
6644
708
124
339
570
923
14
2477
638
963
515
703
968
203
261
790
39
306
578
969
53
814
612
13
175
428
468
105
7717
518
437
285
811
807
880
342
10
869
111
357
250
989
600
9
101
215
3
860
370
354
235
866
836
110
999
792
609
600
3718
253
296
16
801
511
424
855
557
271
371
920
779
815
315
621
4906
180
181
304
661
650
434
984
43
957
540
216
780
543
249
676
6249
4708
884
8287
39
237
38
782
319
382
273
441
197
338
214
416
131
442
822
634
727
584
623
4596
26
684
823
696
817
513
4250
33
771
775
369
994
284
323
683
8727
578
966
3657
627
542
775
761
120
624
761
4344
972
96
645
571
224
764
636
449
923
341
406
758
839
984
497
766
733
175
4769
214
665
792
92
